thread id   group_id   matrix_size   initial_credits   Run_time   Execution_time
0             0              0               25          43636            36
1             0              0               25          20762            42
2             0              0               25          908            41
3             0              0               25          28817            0
4             0              0               25          43666            33
5             0              0               25          20796            34
6             0              0               25          952            34
7             0              0               25          28804            0
8             1              0               50          43695            27
9             1              0               50          20841            48
10             1              0               50          987            37
11             1              0               50          28786            0
12             1              0               50          43751            37
13             1              0               50          20878            33
14             1              0               50          1021            34
15             1              0               50          28774            0
16             2              0               75          43794            22
17             2              0               75          20943            55
18             2              0               75          1059            37
19             2              0               75          28758            0
20             2              0               75          43733            36
21             2              0               75          20885            36
22             2              0               75          1000            41
23             2              0               75          28649            0
24             3              0               100          43763            34
25             3              0               100          20917            35
26             3              0               100          1035            35
27             3              0               100          28682            35
28             3              0               100          43797            32
29             3              0               100          20961            34
30             3              0               100          1061            33
31             3              0               100          28706            34
32             4              0               25          44071            289
33             4              0               25          21223            267
34             4              0               25          1327            262
35             4              0               25          28972            270
36             4              0               25          44361            289
37             4              0               25          21489            267
38             4              0               25          1599            272
39             4              0               25          29454            479
40             5              0               50          44626            262
41             5              0               50          21433            262
42             5              0               50          1540            259
43             5              0               50          29252            0
44             5              0               50          44573            254
45             5              0               50          21708            264
46             5              0               50          1816            261
47             5              0               50          29490            238
48             6              0               75          44855            268
49             6              0               75          21987            262
50             6              0               75          2098            265
51             6              0               75          30001            497
52             6              0               75          45138            270
53             6              0               75          22265            267
54             6              0               75          2374            265
55             6              0               75          30251            126
56             7              0               100          45407            257
57             7              0               100          22559            270
58             7              0               100          2653            263
59             7              0               100          30383            257
60             7              0               100          45561            264
61             7              0               100          22704            255
62             7              0               100          2822            260
63             7              0               100          30875            483
64             8              0               25          93822            939
65             8              0               25          66941            931
66             8              0               25          62034            900
67             8              0               25          73123            1123
68             8              0               25          94056            228
69             8              0               25          67186            239
70             8              0               25          62240            200
71             8              0               25          73168            45
72             9              0               50          142296            410
73             9              0               50          111450            439
74             9              0               50          118438            301
75             9              0               50          92412            409
76             9              0               50          142513            202
77             9              0               50          111649            192
78             9              0               50          118633            184
79             9              0               50          93873            1454
80             10              0               75          190759            873
81             10              0               75          155907            894
82             10              0               75          174846            709
83             10              0               75          125123            1123
84             10              0               75          234997            44233
85             10              0               75          196146            40233
86             10              0               75          175043            181
87             10              0               75          125123            0
88             11              0               100          283252            369
89             11              0               100          240384            372
90             11              0               100          283252            53115
91             11              0               100          153184            286
92             11              0               100          283371            237
93             11              0               100          240455            193
94             11              0               100          283326            192
95             11              0               100          153408            225
96             12              0               25          813916            1159
97             12              0               25          728560            40845
98             12              0               25          899322            52415
99             12              0               25          455003            1133
100             12              0               25          814357            434
101             12              0               25          687707            1825
102             12              0               25          846889            1880
103             12              0               25          455322            362
104             13              0               50          1341956            513
105             13              0               50          1171496            337
106             13              0               50          1459590            1622
107             13              0               50          769954            252
108             13              0               50          1341434            47717
109             13              0               50          1171150            1309
110             13              0               50          1460849            1252
111             13              0               50          769702            1872
112             14              0               75          1871325            1609
113             14              0               75          1696286            41446
114             14              0               75          2083456            1531
115             14              0               75          1075194            5407
116             14              0               75          1872353            1061
117             14              0               75          1696712            458
118             14              0               75          2136095            52632
119             14              0               75          1076910            124
120             15              0               100          2445339            45689
121             15              0               100          2184955            177
122             15              0               100          2756384            483
123             15              0               100          1416083            317
124             15              0               100          2445911            563
125             15              0               100          2143622            1847
126             15              0               100          2756588            198
127             15              0               100          1416889            800
group_id   matrix_size   initial_credits   mean_run_time    mean_exec_time   st_dev_run_time   st_dev_exec_time
0              32                25           23542             27              15419             16
1              32                50           23591             27              15409             16
2              32                75           23602             28              15405             18
3              32                100           23615             34              15401             1
4              64                25           24062             299              15418             68
5              64                50           24304             225              15468             85
6              64                75           24871             277              15432             94
7              64                100           25370             288              15427             73
8              128                25           74071             575              12115             406
9              128                50           116408             448              17647             392
10              128                75           172243             11030              34594             18045
11              128                100           240079             6873              53074             17477
12              256                25           712634             12506              160834             19918
13              256                50           1185766             6859              261176             15453
14              256                75           1688541             13033              383058             19888
15              256                100           2195721             6259              496369             14911
